set,transformation,ranking
1,4,2
1,3,1
1,5,3
1,2,4
2,5,1
2,3,4
2,2,2
2,4,3
3,5,1
3,3,2
3,4,3
3,2,4
4,4,4
4,2,1
4,5,3
4,3,2
5,3,4
5,4,1
5,2,3
5,5,2
6,4,3
6,2,2
6,5,4
6,3,1
7,5,1
7,3,4
7,4,3
7,2,2
8,3,1
8,2,4
8,5,2
8,4,3
9,5,1
9,2,4
9,3,3
9,4,2
10,3,1
10,5,4
10,4,3
10,2,2
11,5,1
11,2,2
11,4,3
11,3,4
12,4,4
12,2,1
12,5,2
12,3,3
13,2,1
13,3,4
13,4,3
13,5,2
14,2,1
14,5,4
14,4,3
14,3,2
15,2,4
15,3,3
15,5,1
15,4,2
16,3,1
16,2,4
16,4,3
16,5,2
17,2,1
17,5,4
17,3,2
17,4,3
18,2,4
18,4,1
18,3,3
18,5,2
19,2,3
19,3,1
19,4,2
19,5,4
20,2,1
20,3,4
20,4,2
20,5,3
21,4,1
21,2,2
21,5,3
21,3,4
22,5,4
22,3,3
22,2,2
22,4,1
23,2,1
23,5,4
23,3,2
23,4,3
24,2,1
24,3,4
24,5,3
24,4,2
25,5,1
25,2,4
25,3,3
25,4,2
26,4,1
26,5,4
26,2,2
26,3,3
27,3,1
27,4,4
27,5,2
27,2,3
28,2,4
28,3,1
28,4,3
28,5,2
29,3,4
29,5,3
29,4,1
29,2,2
30,3,1
30,2,2
30,4,4
30,5,3
