set,transformation,ranking
1,2,1
1,4,2
1,5,3
1,3,4
2,2,1
2,5,3
2,3,4
2,4,2
3,5,3
3,2,1
3,3,2
3,4,4
4,3,2
4,2,1
4,5,3
4,4,4
5,2,1
5,3,2
5,5,3
5,4,4
6,4,3
6,2,1
6,5,2
6,3,4
7,3,4
7,5,3
7,2,2
7,4,1
8,5,4
8,4,2
8,2,1
8,3,3
9,5,3
9,4,2
9,3,4
9,2,1
10,5,4
10,4,3
10,3,2
10,2,1
11,4,3
11,5,2
11,2,1
11,3,4
12,5,3
12,4,2
12,3,4
12,2,1
13,2,1
13,4,4
13,5,2
13,3,3
14,3,3
14,4,2
14,5,4
14,2,1
15,4,2
15,2,1
15,3,3
15,5,4
16,2,1
16,4,2
16,5,3
16,3,4
17,5,4
17,3,3
17,2,1
17,4,2
18,5,2
18,2,1
18,3,3
18,4,4
19,4,4
19,5,2
19,2,1
19,3,3
20,5,3
20,2,1
20,3,2
20,4,4
21,4,2
21,2,1
21,5,3
21,3,4
22,2,1
22,4,3
22,5,2
22,3,4
23,5,3
23,4,2
23,2,1
23,3,4
24,2,1
24,3,2
24,4,3
24,5,4
25,2,1
25,3,2
25,5,4
25,4,3
26,4,3
26,5,2
26,2,1
26,3,4
27,5,4
27,3,3
27,4,2
27,2,1
28,4,4
28,3,3
28,5,2
28,2,1
29,5,4
29,4,2
29,2,1
29,3,3
30,2,1
30,3,3
30,5,2
30,4,4
