set,transformation,ranking
1,2,1
1,3,4
1,5,2
1,4,3
2,4,3
2,3,4
2,2,2
2,5,1
3,4,3
3,3,4
3,5,2
3,2,1
4,2,4
4,4,3
4,5,1
4,3,2
5,5,3
5,3,4
5,2,1
5,4,2
6,2,3
6,5,1
6,3,4
6,4,2
7,3,3
7,2,1
7,5,2
7,4,4
8,5,2
8,3,4
8,4,3
8,2,1
9,3,4
9,4,3
9,5,2
9,2,1
10,4,3
10,3,2
10,2,1
10,5,4
11,3,4
11,2,1
11,5,2
11,4,3
12,2,1
12,4,3
12,3,4
12,5,2
13,5,3
13,3,4
13,2,1
13,4,2
14,4,2
14,5,3
14,2,1
14,3,4
15,2,1
15,3,3
15,4,2
15,5,4
16,4,2
16,2,1
16,5,3
16,3,4
17,5,2
17,3,4
17,4,3
17,2,1
18,2,1
18,4,3
18,3,2
18,5,4
19,4,2
19,2,1
19,3,3
19,5,4
20,5,4
20,2,1
20,3,3
20,4,2
21,3,3
21,4,2
21,2,1
21,5,4
22,4,2
22,5,3
22,2,1
22,3,4
23,3,4
23,2,1
23,5,3
23,4,2
24,5,3
24,2,1
24,3,4
24,4,2
25,5,4
25,4,2
25,2,1
25,3,3
26,4,2
26,2,1
26,5,4
26,3,3
27,4,2
27,5,3
27,2,1
27,3,4
28,3,3
28,4,2
28,5,4
28,2,1
29,3,4
29,5,3
29,2,1
29,4,2
30,2,1
30,5,4
30,3,3
30,4,2
