set,transformation,ranking
1,3,2
1,5,4
1,4,3
1,2,1
2,4,3
2,3,4
2,2,1
2,5,2
3,5,4
3,4,2
3,3,3
3,2,1
4,2,1
4,3,4
4,5,2
4,4,3
5,2,1
5,4,2
5,5,4
5,3,3
6,2,1
6,3,4
6,4,3
6,5,2
7,5,4
7,3,3
7,4,2
7,2,1
8,2,1
8,3,3
8,4,2
8,5,4
9,2,1
9,5,4
9,4,2
9,3,3
10,2,1
10,3,2
10,4,3
10,5,4
11,4,3
11,2,1
11,5,4
11,3,2
12,4,2
12,2,1
12,5,4
12,3,3
13,5,4
13,2,1
13,3,3
13,4,2
14,2,1
14,3,2
14,5,4
14,4,3
15,3,3
15,4,2
15,5,4
15,2,1
16,2,1
16,3,3
16,4,2
16,5,4
17,5,4
17,2,1
17,4,3
17,3,2
18,3,3
18,5,4
18,4,2
18,2,1
19,3,3
19,2,1
19,5,4
19,4,2
20,4,2
20,2,1
20,3,3
20,5,4
21,2,1
21,4,2
21,3,3
21,5,4
22,5,4
22,4,2
22,3,3
22,2,1
23,2,1
23,4,3
23,3,2
23,5,4
24,5,4
24,4,2
24,3,3
24,2,1
25,3,3
25,4,2
25,5,4
25,2,1
26,5,4
26,2,1
26,4,3
26,3,2
27,5,4
27,4,2
27,2,1
27,3,3
28,5,4
28,4,3
28,2,1
28,3,2
29,2,1
29,4,3
29,3,2
29,5,4
30,3,3
30,2,1
30,5,4
30,4,2
