set,transformation,ranking
1,3,3
1,4,1
1,5,2
1,2,4
2,2,1
2,3,4
2,5,2
2,4,3
3,4,3
3,5,2
3,2,1
3,3,4
4,4,3
4,3,4
4,5,2
4,2,1
5,4,3
5,5,2
5,2,1
5,3,4
6,5,2
6,3,3
6,4,4
6,2,1
7,2,1
7,3,4
7,5,2
7,4,3
8,3,3
8,4,2
8,5,4
8,2,1
9,5,2
9,4,3
9,3,4
9,2,1
10,4,2
10,2,1
10,3,3
10,5,4
11,4,3
11,2,1
11,5,4
11,3,2
12,3,3
12,5,2
12,4,4
12,2,1
13,5,4
13,2,1
13,4,3
13,3,2
14,3,3
14,5,2
14,2,1
14,4,4
15,5,3
15,2,1
15,3,4
15,4,2
16,2,1
16,3,4
16,5,3
16,4,2
17,5,2
17,4,3
17,3,4
17,2,1
18,5,2
18,3,3
18,4,4
18,2,1
19,2,1
19,4,4
19,3,3
19,5,2
20,3,4
20,5,2
20,4,3
20,2,1
21,3,4
21,5,2
21,4,3
21,2,1
22,3,4
22,4,2
22,2,1
22,5,3
23,3,2
23,5,3
23,4,4
23,2,1
24,4,3
24,2,1
24,5,2
24,3,4
25,3,4
25,4,3
25,2,1
25,5,2
26,3,4
26,4,3
26,5,2
26,2,1
27,2,1
27,5,2
27,3,4
27,4,3
28,4,3
28,5,2
28,3,4
28,2,1
29,3,4
29,5,3
29,4,2
29,2,1
30,4,2
30,3,4
30,2,1
30,5,3
