set,transformation,ranking
1,3,1
1,5,3
1,4,2
1,2,4
2,3,1
2,4,2
2,5,4
2,2,3
3,5,2
3,4,3
3,3,1
3,2,4
4,5,2
4,2,4
4,4,1
4,3,3
5,4,2
5,5,1
5,2,3
5,3,4
6,4,1
6,3,4
6,2,2
6,5,3
7,5,1
7,3,2
7,2,4
7,4,3
8,4,2
8,5,4
8,2,3
8,3,1
9,5,1
9,3,4
9,4,2
9,2,3
10,3,3
10,2,1
10,5,2
10,4,4
11,5,4
11,4,1
11,2,3
11,3,2
12,4,3
12,2,4
12,5,1
12,3,2
13,2,3
13,5,2
13,4,4
13,3,1
14,5,1
14,3,2
14,2,4
14,4,3
15,3,1
15,4,4
15,2,3
15,5,2
16,3,3
16,5,1
16,2,2
16,4,4
17,3,3
17,4,4
17,2,2
17,5,1
18,4,4
18,5,1
18,3,2
18,2,3
19,3,1
19,2,2
19,4,3
19,5,4
20,2,3
20,5,2
20,3,1
20,4,4
21,5,3
21,3,2
21,4,4
21,2,1
22,3,3
22,4,4
22,5,2
22,2,1
23,4,3
23,3,4
23,2,1
23,5,2
24,4,4
24,2,1
24,3,2
24,5,3
25,3,2
25,2,4
25,5,3
25,4,1
26,4,4
26,3,3
26,5,2
26,2,1
27,3,3
27,5,2
27,2,1
27,4,4
28,4,4
28,2,1
28,3,3
28,5,2
29,4,3
29,3,4
29,5,2
29,2,1
30,5,4
30,3,2
30,2,1
30,4,3
