set,transformation,ranking
1,2,3
1,3,1
1,4,2
1,5,4
2,4,2
2,2,4
2,3,1
2,5,3
3,2,3
3,4,2
3,3,1
3,5,4
4,5,1
4,2,2
4,3,4
4,4,3
5,4,2
5,5,4
5,2,1
5,3,3
6,5,4
6,4,1
6,3,3
6,2,2
7,4,2
7,3,3
7,2,1
7,5,4
8,4,1
8,3,4
8,2,2
8,5,3
9,3,2
9,2,3
9,5,1
9,4,4
10,5,3
10,2,2
10,4,1
10,3,4
11,4,1
11,5,3
11,3,4
11,2,2
12,4,3
12,3,2
12,2,4
12,5,1
13,3,2
13,2,3
13,5,1
13,4,4
14,5,1
14,4,2
14,3,4
14,2,3
15,5,1
15,3,2
15,2,4
15,4,3
16,5,1
16,4,2
16,2,4
16,3,3
17,5,3
17,4,1
17,2,2
17,3,4
18,2,2
18,3,4
18,4,1
18,5,3
19,5,2
19,2,3
19,3,4
19,4,1
20,5,3
20,3,4
20,4,2
20,2,1
21,4,1
21,3,3
21,2,2
21,5,4
22,4,1
22,5,2
22,3,4
22,2,3
23,4,1
23,5,3
23,3,4
23,2,2
24,4,1
24,5,3
24,3,4
24,2,2
25,3,4
25,4,1
25,2,3
25,5,2
26,4,1
26,3,3
26,5,4
26,2,2
27,2,2
27,5,3
27,3,4
27,4,1
28,5,4
28,3,3
28,2,2
28,4,1
29,2,2
29,4,1
29,5,3
29,3,4
30,3,3
30,2,2
30,4,1
30,5,4
