set,transformation,ranking
1,2,1
1,3,2
1,4,3
1,5,4
2,4,2
2,3,3
2,2,1
2,5,4
3,5,3
3,2,1
3,4,2
3,3,4
4,2,1
4,3,4
4,5,3
4,4,2
5,4,3
5,2,1
5,5,2
5,3,4
6,5,4
6,4,2
6,3,3
6,2,1
7,5,3
7,4,2
7,2,1
7,3,4
8,4,3
8,5,2
8,2,1
8,3,4
9,4,2
9,5,4
9,3,3
9,2,1
10,4,4
10,5,3
10,2,1
10,3,2
11,4,3
11,2,1
11,5,2
11,3,4
12,4,3
12,5,4
12,3,2
12,2,1
13,3,3
13,5,4
13,2,1
13,4,2
14,3,3
14,4,2
14,2,1
14,5,4
15,2,1
15,5,3
15,3,4
15,4,2
16,3,3
16,5,4
16,4,2
16,2,1
17,4,3
17,3,4
17,5,2
17,2,1
18,2,1
18,4,3
18,3,4
18,5,2
19,2,1
19,5,4
19,3,3
19,4,2
20,3,4
20,5,3
20,4,2
20,2,1
21,5,4
21,2,1
21,4,3
21,3,2
22,2,1
22,4,2
22,5,3
22,3,4
23,4,4
23,3,2
23,5,3
23,2,1
24,2,1
24,5,3
24,4,2
24,3,4
25,5,2
25,3,4
25,4,3
25,2,1
26,5,3
26,2,1
26,4,2
26,3,4
27,3,4
27,5,2
27,2,1
27,4,3
28,4,4
28,2,1
28,3,3
28,5,2
29,4,4
29,2,1
29,5,3
29,3,2
30,2,1
30,3,3
30,4,2
30,5,4
