set,transformation,ranking
1,3,3
1,4,2
1,2,1
1,5,4
2,2,1
2,4,4
2,3,2
2,5,3
3,5,2
3,4,3
3,2,1
3,3,4
4,2,1
4,4,3
4,5,4
4,3,2
5,5,4
5,2,1
5,3,3
5,4,2
6,5,4
6,2,1
6,3,3
6,4,2
7,3,3
7,4,2
7,5,4
7,2,1
8,3,3
8,2,1
8,5,4
8,4,2
9,3,3
9,4,2
9,2,1
9,5,4
10,2,1
10,3,4
10,5,2
10,4,3
11,4,3
11,3,2
11,5,4
11,2,1
12,3,4
12,4,2
12,5,3
12,2,1
13,3,4
13,2,1
13,4,2
13,5,3
14,3,2
14,2,1
14,4,3
14,5,4
15,5,3
15,4,2
15,3,4
15,2,1
16,3,4
16,5,2
16,2,1
16,4,3
17,3,4
17,4,3
17,5,2
17,2,1
18,2,1
18,3,3
18,5,2
18,4,4
19,3,4
19,5,3
19,2,1
19,4,2
20,3,4
20,5,2
20,4,3
20,2,1
21,2,1
21,4,3
21,3,2
21,5,4
22,3,3
22,2,1
22,4,2
22,5,4
23,5,2
23,4,3
23,2,1
23,3,4
24,3,4
24,5,3
24,4,1
24,2,2
25,2,1
25,4,3
25,3,4
25,5,2
26,3,3
26,4,4
26,5,2
26,2,1
27,3,4
27,4,3
27,2,1
27,5,2
28,2,1
28,4,3
28,3,2
28,5,4
29,5,4
29,3,2
29,4,3
29,2,1
30,5,2
30,2,1
30,3,3
30,4,4
