set,transformation,ranking
1,2,1
1,5,4
1,3,3
1,4,2
2,2,1
2,3,4
2,5,3
2,4,2
3,4,2
3,3,4
3,2,1
3,5,3
4,5,2
4,4,1
4,3,4
4,2,3
5,4,1
5,2,2
5,5,3
5,3,4
6,5,4
6,3,3
6,4,2
6,2,1
7,3,4
7,5,2
7,4,3
7,2,1
8,2,1
8,5,3
8,4,2
8,3,4
9,5,3
9,4,2
9,2,1
9,3,4
10,4,2
10,2,1
10,5,3
10,3,4
11,4,2
11,3,4
11,5,3
11,2,1
12,2,1
12,4,2
12,5,3
12,3,4
13,3,4
13,4,3
13,5,2
13,2,1
14,3,4
14,5,3
14,2,1
14,4,2
15,5,4
15,4,3
15,3,2
15,2,1
16,2,1
16,3,4
16,5,3
16,4,2
17,3,4
17,2,1
17,5,2
17,4,3
18,5,4
18,3,3
18,4,2
18,2,1
19,4,3
19,2,1
19,3,2
19,5,4
20,5,2
20,3,4
20,4,1
20,2,3
21,2,1
21,5,3
21,3,4
21,4,2
22,4,2
22,3,4
22,5,3
22,2,1
23,5,4
23,4,3
23,3,2
23,2,1
24,2,1
24,3,4
24,5,3
24,4,2
25,2,1
25,5,4
25,3,3
25,4,2
26,4,2
26,3,4
26,5,3
26,2,1
27,2,1
27,5,4
27,4,2
27,3,3
28,3,4
28,2,1
28,5,3
28,4,2
29,4,2
29,5,4
29,2,1
29,3,3
30,3,3
30,2,1
30,5,4
30,4,2
