set,transformation,ranking
1,3,3
1,2,1
1,4,2
1,5,4
2,4,2
2,2,1
2,3,3
2,5,4
3,2,3
3,3,4
3,4,1
3,5,2
4,4,2
4,2,4
4,3,3
4,5,1
5,3,3
5,5,4
5,2,1
5,4,2
6,5,2
6,3,4
6,4,3
6,2,1
7,3,3
7,4,1
7,5,2
7,2,4
8,2,2
8,5,4
8,4,1
8,3,3
9,2,2
9,3,4
9,5,1
9,4,3
10,3,3
10,2,4
10,5,1
10,4,2
11,5,3
11,2,1
11,3,4
11,4,2
12,5,3
12,2,1
12,4,2
12,3,4
13,3,3
13,4,1
13,5,2
13,2,4
14,5,3
14,3,1
14,4,2
14,2,4
15,2,2
15,4,4
15,3,1
15,5,3
16,4,2
16,2,3
16,3,4
16,5,1
17,2,4
17,4,1
17,5,2
17,3,3
18,5,4
18,3,1
18,4,2
18,2,3
19,2,3
19,3,4
19,4,2
19,5,1
20,5,2
20,3,1
20,4,3
20,2,4
21,2,2
21,4,4
21,3,3
21,5,1
22,5,2
22,2,3
22,4,4
22,3,1
23,4,3
23,3,2
23,2,4
23,5,1
24,4,3
24,3,1
24,2,4
24,5,2
25,3,3
25,5,1
25,2,2
25,4,4
26,2,2
26,3,3
26,5,1
26,4,4
27,4,3
27,3,1
27,5,4
27,2,2
28,4,3
28,5,1
28,3,4
28,2,2
29,4,1
29,2,3
29,5,2
29,3,4
30,4,2
30,3,4
30,2,3
30,5,1
