set,transformation,ranking
1,4,4
1,5,2
1,3,3
1,2,1
2,2,1
2,5,3
2,4,2
2,3,4
3,2,1
3,4,2
3,3,4
3,5,3
4,3,4
4,4,2
4,2,1
4,5,3
5,4,2
5,3,4
5,5,3
5,2,1
6,2,1
6,4,2
6,3,3
6,5,4
7,2,1
7,4,4
7,3,2
7,5,3
8,5,3
8,4,2
8,3,4
8,2,1
9,3,4
9,4,3
9,2,1
9,5,2
10,3,3
10,4,2
10,2,1
10,5,4
11,3,3
11,5,4
11,4,2
11,2,1
12,2,1
12,4,2
12,5,3
12,3,4
13,5,3
13,3,2
13,4,4
13,2,1
14,5,3
14,3,4
14,2,1
14,4,2
15,3,4
15,5,3
15,4,2
15,2,1
16,3,2
16,5,3
16,4,1
16,2,4
17,2,1
17,4,2
17,3,4
17,5,3
18,2,1
18,5,4
18,4,2
18,3,3
19,2,1
19,5,2
19,3,4
19,4,3
20,2,2
20,4,1
20,5,3
20,3,4
21,4,4
21,5,3
21,2,1
21,3,2
22,2,1
22,3,4
22,5,3
22,4,2
23,3,3
23,2,1
23,4,4
23,5,2
24,3,4
24,5,3
24,2,1
24,4,2
25,4,3
25,3,4
25,2,1
25,5,2
26,3,2
26,4,3
26,2,1
26,5,4
27,2,1
27,3,3
27,4,4
27,5,2
28,2,3
28,4,1
28,3,2
28,5,4
29,3,4
29,4,2
29,2,1
29,5,3
30,2,1
30,5,3
30,4,2
30,3,4
