set,transformation,ranking
1,2,1
1,4,2
1,5,3
1,3,4
2,5,4
2,2,3
2,4,2
2,3,1
3,3,1
3,4,2
3,5,3
3,2,4
4,5,4
4,3,3
4,2,2
4,4,1
5,4,1
5,5,2
5,3,3
5,2,4
6,3,4
6,4,3
6,2,2
6,5,1
7,3,1
7,5,2
7,2,3
7,4,4
8,5,4
8,4,3
8,3,2
8,2,1
9,3,1
9,5,2
9,4,3
9,2,4
10,4,4
10,3,3
10,2,2
10,5,1
11,3,1
11,4,2
11,2,3
11,5,4
12,4,4
12,3,3
12,5,2
12,2,1
13,5,1
13,2,2
13,3,3
13,4,4
14,3,4
14,4,3
14,5,2
14,2,1
15,3,1
15,4,2
15,2,3
15,5,4
16,5,1
16,2,2
16,3,3
16,4,4
17,4,4
17,2,3
17,3,2
17,5,1
18,3,1
18,4,2
18,2,3
18,5,4
19,5,4
19,2,3
19,4,2
19,3,1
20,5,1
20,3,2
20,2,3
20,4,4
21,3,1
21,5,2
21,4,3
21,2,4
22,3,4
22,4,3
22,5,2
22,2,1
23,5,4
23,4,3
23,2,2
23,3,1
24,5,1
24,4,2
24,2,3
24,3,4
25,4,4
25,3,3
25,2,2
25,5,1
26,3,1
26,4,2
26,5,3
26,2,4
27,3,4
27,2,3
27,5,2
27,4,1
28,4,1
28,2,2
28,3,3
28,5,4
29,5,4
29,3,3
29,4,2
29,2,1
30,4,1
30,3,2
30,2,3
30,5,4
