set,transformation,ranking
1,3,1
1,4,4
1,2,2
1,5,3
2,4,2
2,2,4
2,3,1
2,5,3
3,5,3
3,2,2
3,3,1
3,4,4
4,3,4
4,5,2
4,4,3
4,2,1
5,2,2
5,3,3
5,5,4
5,4,1
6,2,1
6,5,4
6,3,2
6,4,3
7,2,3
7,3,1
7,4,2
7,5,4
8,3,4
8,2,2
8,4,1
8,5,3
9,5,2
9,3,3
9,4,1
9,2,4
10,4,1
10,5,4
10,3,2
10,2,3
11,3,3
11,2,1
11,4,4
11,5,2
12,3,3
12,4,2
12,5,1
12,2,4
13,5,1
13,2,3
13,3,4
13,4,2
14,3,3
14,2,1
14,4,2
14,5,4
15,4,4
15,3,3
15,5,1
15,2,2
16,4,3
16,2,2
16,5,1
16,3,4
17,2,2
17,4,1
17,3,3
17,5,4
18,4,3
18,5,1
18,2,2
18,3,4
19,4,4
19,3,1
19,5,3
19,2,2
20,2,3
20,3,4
20,5,1
20,4,2
21,3,3
21,4,1
21,5,2
21,2,4
22,5,1
22,3,4
22,2,2
22,4,3
23,4,4
23,5,1
23,3,2
23,2,3
24,2,4
24,4,1
24,3,2
24,5,3
25,5,3
25,2,1
25,4,2
25,3,4
26,4,4
26,2,1
26,5,2
26,3,3
27,4,3
27,3,2
27,2,4
27,5,1
28,3,1
28,5,4
28,4,3
28,2,2
29,2,4
29,4,1
29,3,2
29,5,3
30,3,4
30,2,2
30,4,3
30,5,1
