set,transformation,ranking
1,3,3
1,2,2
1,5,4
1,4,1
2,5,3
2,4,1
2,3,4
2,2,2
3,4,1
3,3,3
3,5,4
3,2,2
4,2,4
4,4,1
4,5,3
4,3,2
5,5,3
5,2,4
5,4,2
5,3,1
6,4,2
6,2,1
6,5,3
6,3,4
7,3,3
7,4,1
7,2,2
7,5,4
8,4,1
8,3,4
8,5,3
8,2,2
9,5,3
9,2,2
9,4,1
9,3,4
10,3,4
10,2,2
10,4,1
10,5,3
11,4,1
11,2,2
11,5,3
11,3,4
12,2,1
12,3,4
12,4,2
12,5,3
13,2,2
13,4,1
13,3,3
13,5,4
14,4,1
14,5,3
14,2,2
14,3,4
15,2,2
15,4,1
15,3,3
15,5,4
16,4,2
16,5,3
16,2,1
16,3,4
17,2,2
17,5,3
17,3,4
17,4,1
18,2,2
18,3,1
18,5,3
18,4,4
19,5,4
19,2,2
19,4,1
19,3,3
20,2,2
20,4,1
20,3,3
20,5,4
21,2,2
21,3,3
21,4,1
21,5,4
22,2,2
22,5,3
22,3,4
22,4,1
23,5,4
23,3,3
23,2,2
23,4,1
24,3,3
24,2,1
24,4,2
24,5,4
25,5,4
25,3,3
25,4,1
25,2,2
26,4,1
26,5,4
26,3,3
26,2,2
27,5,4
27,4,2
27,2,1
27,3,3
28,4,2
28,2,1
28,3,3
28,5,4
29,2,1
29,3,3
29,4,2
29,5,4
30,4,1
30,2,2
30,5,3
30,3,4
