set,transformation,ranking
1,2,1
1,3,3
1,5,2
1,4,4
2,3,4
2,5,3
2,2,1
2,4,2
3,5,3
3,2,1
3,3,4
3,4,2
4,5,4
4,3,3
4,4,1
4,2,2
5,4,1
5,5,4
5,2,2
5,3,3
6,4,4
6,5,1
6,2,2
6,3,3
7,5,2
7,2,1
7,3,3
7,4,4
8,5,4
8,2,3
8,4,1
8,3,2
9,5,3
9,2,1
9,4,2
9,3,4
10,5,3
10,3,4
10,4,2
10,2,1
11,5,4
11,3,2
11,2,1
11,4,3
12,3,4
12,4,1
12,2,2
12,5,3
13,5,1
13,4,2
13,3,3
13,2,4
14,5,4
14,4,2
14,2,1
14,3,3
15,2,2
15,3,3
15,4,1
15,5,4
16,4,2
16,5,4
16,2,1
16,3,3
17,2,1
17,3,4
17,4,2
17,5,3
18,5,4
18,3,3
18,4,1
18,2,2
19,3,3
19,2,2
19,5,4
19,4,1
20,5,4
20,3,3
20,2,2
20,4,1
21,5,3
21,3,4
21,2,2
21,4,1
22,4,2
22,3,3
22,2,1
22,5,4
23,4,2
23,5,3
23,2,1
23,3,4
24,2,1
24,4,2
24,3,3
24,5,4
25,5,4
25,3,3
25,2,2
25,4,1
26,2,2
26,3,3
26,4,1
26,5,4
27,2,2
27,5,3
27,4,1
27,3,4
28,5,3
28,4,2
28,2,1
28,3,4
29,2,2
29,5,4
29,4,1
29,3,3
30,3,4
30,4,2
30,2,3
30,5,1
