set,transformation,ranking
1,4,1
1,5,4
1,3,2
1,2,3
2,4,1
2,3,3
2,5,2
2,2,4
3,3,3
3,4,2
3,5,4
3,2,1
4,2,1
4,3,2
4,5,3
4,4,4
5,2,4
5,4,1
5,5,2
5,3,3
6,2,3
6,5,2
6,4,1
6,3,4
7,5,2
7,3,1
7,4,3
7,2,4
8,5,4
8,4,1
8,3,2
8,2,3
9,4,3
9,2,1
9,3,2
9,5,4
10,4,4
10,3,1
10,2,2
10,5,3
11,3,4
11,5,1
11,2,2
11,4,3
12,4,2
12,5,1
12,3,3
12,2,4
13,5,4
13,3,3
13,4,1
13,2,2
14,3,1
14,4,4
14,5,2
14,2,3
15,3,2
15,2,4
15,5,3
15,4,1
16,2,1
16,3,2
16,5,4
16,4,3
17,2,3
17,4,1
17,3,2
17,5,4
18,4,2
18,2,1
18,5,4
18,3,3
19,4,2
19,3,1
19,5,4
19,2,3
20,2,3
20,4,1
20,3,2
20,5,4
21,2,1
21,5,4
21,3,2
21,4,3
22,4,4
22,3,1
22,5,3
22,2,2
23,3,1
23,4,4
23,5,3
23,2,2
24,2,2
24,3,1
24,4,3
24,5,4
25,4,2
25,2,1
25,3,3
25,5,4
26,5,4
26,3,1
26,4,2
26,2,3
27,3,1
27,5,4
27,2,3
27,4,2
28,2,2
28,3,3
28,4,1
28,5,4
29,4,4
29,3,1
29,5,3
29,2,2
30,2,2
30,4,1
30,5,3
30,3,4
