set,transformation,ranking
1,3,4
1,5,2
1,2,3
1,4,1
2,4,2
2,5,3
2,2,1
2,3,4
3,3,4
3,4,3
3,2,1
3,5,2
4,4,1
4,3,3
4,2,2
4,5,4
5,2,1
5,5,2
5,3,3
5,4,4
6,2,3
6,5,2
6,4,4
6,3,1
7,5,1
7,2,3
7,4,2
7,3,4
8,4,1
8,3,2
8,2,4
8,5,3
9,4,4
9,3,3
9,5,2
9,2,1
10,5,4
10,3,2
10,4,3
10,2,1
11,3,2
11,2,3
11,4,1
11,5,4
12,2,4
12,5,1
12,4,2
12,3,3
13,5,1
13,4,3
13,3,2
13,2,4
14,5,2
14,3,3
14,4,4
14,2,1
15,3,4
15,2,1
15,5,3
15,4,2
16,3,4
16,2,1
16,5,2
16,4,3
17,5,2
17,2,3
17,3,1
17,4,4
18,3,1
18,4,2
18,2,3
18,5,4
19,3,2
19,2,3
19,5,1
19,4,4
20,4,4
20,3,3
20,2,2
20,5,1
21,4,2
21,3,3
21,5,4
21,2,1
22,3,1
22,5,2
22,4,3
22,2,4
23,5,1
23,4,3
23,2,2
23,3,4
24,4,2
24,2,1
24,3,3
24,5,4
25,4,2
25,2,4
25,5,3
25,3,1
26,4,4
26,3,2
26,5,3
26,2,1
27,4,4
27,2,3
27,5,2
27,3,1
28,4,1
28,5,3
28,3,2
28,2,4
29,5,4
29,4,3
29,2,1
29,3,2
30,5,1
30,3,2
30,2,3
30,4,4
