set,transformation,ranking
1,4,2
1,5,3
1,3,1
1,2,4
2,3,4
2,2,2
2,5,3
2,4,1
3,3,4
3,2,3
3,5,1
3,4,2
4,3,1
4,5,3
4,4,2
4,2,4
5,3,4
5,4,3
5,5,2
5,2,1
6,2,2
6,3,1
6,4,3
6,5,4
7,3,1
7,5,2
7,2,3
7,4,4
8,3,4
8,2,2
8,4,3
8,5,1
9,3,4
9,2,1
9,5,2
9,4,3
10,3,4
10,4,3
10,5,2
10,2,1
11,3,3
11,4,4
11,2,2
11,5,1
12,2,4
12,4,2
12,5,3
12,3,1
13,2,2
13,3,1
13,5,3
13,4,4
14,3,1
14,2,3
14,4,2
14,5,4
15,2,4
15,4,3
15,3,1
15,5,2
16,3,2
16,2,1
16,4,3
16,5,4
17,4,4
17,5,1
17,3,2
17,2,3
18,4,4
18,2,3
18,3,2
18,5,1
19,2,4
19,3,2
19,4,3
19,5,1
20,5,4
20,3,2
20,4,3
20,2,1
21,5,4
21,4,1
21,2,2
21,3,3
22,4,4
22,2,1
22,3,3
22,5,2
23,4,4
23,3,2
23,5,1
23,2,3
24,2,2
24,5,3
24,3,1
24,4,4
25,4,2
25,5,1
25,2,4
25,3,3
26,2,1
26,4,3
26,3,2
26,5,4
27,4,4
27,5,1
27,3,3
27,2,2
28,3,4
28,5,3
28,4,2
28,2,1
29,3,4
29,5,2
29,2,3
29,4,1
30,2,1
30,4,3
30,3,2
30,5,4
