set,transformation,ranking
1,3,4
1,2,1
1,4,2
1,5,3
2,4,2
2,3,4
2,5,3
2,2,1
3,3,4
3,2,1
3,4,2
3,5,3
4,3,4
4,2,1
4,4,3
4,5,2
5,2,1
5,4,4
5,5,2
5,3,3
6,2,1
6,3,4
6,5,2
6,4,3
7,3,4
7,4,3
7,5,2
7,2,1
8,2,1
8,3,4
8,5,2
8,4,3
9,3,4
9,2,1
9,4,3
9,5,2
10,2,1
10,4,3
10,3,2
10,5,4
11,5,2
11,2,1
11,3,3
11,4,4
12,5,3
12,2,1
12,3,2
12,4,4
13,4,3
13,2,1
13,3,4
13,5,2
14,4,3
14,2,1
14,3,4
14,5,2
15,4,4
15,2,1
15,3,3
15,5,2
16,3,3
16,4,4
16,2,1
16,5,2
17,5,2
17,2,1
17,3,3
17,4,4
18,4,3
18,3,4
18,5,2
18,2,1
19,4,3
19,3,4
19,2,1
19,5,2
20,3,3
20,5,4
20,2,1
20,4,2
21,5,3
21,4,2
21,2,1
21,3,4
22,4,4
22,5,3
22,3,2
22,2,1
23,3,3
23,5,4
23,4,2
23,2,1
24,5,4
24,4,2
24,3,3
24,2,1
25,5,3
25,2,1
25,4,4
25,3,2
26,2,1
26,4,3
26,3,2
26,5,4
27,3,3
27,5,2
27,4,4
27,2,1
28,4,3
28,2,1
28,5,2
28,3,4
29,4,4
29,5,3
29,3,2
29,2,1
30,5,3
30,3,4
30,2,1
30,4,2
