set,transformation,ranking
1,4,2
1,2,1
1,3,3
1,5,4
2,2,1
2,4,2
2,3,3
2,5,4
3,5,4
3,3,2
3,2,1
3,4,3
4,2,1
4,3,4
4,5,2
4,4,3
5,2,4
5,5,1
5,4,2
5,3,3
6,3,3
6,2,1
6,5,4
6,4,2
7,2,2
7,4,1
7,5,3
7,3,4
8,4,3
8,3,2
8,5,4
8,2,1
9,2,1
9,4,2
9,3,4
9,5,3
10,3,2
10,4,4
10,5,1
10,2,3
11,4,4
11,5,1
11,3,3
11,2,2
12,2,1
12,4,2
12,5,3
12,3,4
13,4,3
13,2,1
13,3,2
13,5,4
14,4,2
14,5,4
14,2,1
14,3,3
15,2,1
15,4,3
15,5,2
15,3,4
16,3,4
16,4,2
16,2,1
16,5,3
17,4,4
17,5,2
17,2,1
17,3,3
18,2,1
18,5,3
18,3,2
18,4,4
19,5,2
19,2,1
19,3,4
19,4,3
20,5,2
20,4,3
20,2,1
20,3,4
21,3,4
21,2,1
21,4,2
21,5,3
22,3,2
22,5,4
22,2,1
22,4,3
23,3,3
23,2,1
23,5,4
23,4,2
24,3,3
24,2,1
24,4,4
24,5,2
25,3,3
25,5,2
25,4,4
25,2,1
26,5,2
26,4,3
26,3,4
26,2,1
27,5,4
27,3,2
27,4,3
27,2,1
28,5,3
28,2,1
28,3,2
28,4,4
29,4,4
29,3,2
29,5,3
29,2,1
30,4,3
30,2,1
30,3,2
30,5,4
