set,transformation,ranking
1,4,1
1,5,2
1,3,3
1,2,4
2,2,1
2,3,3
2,5,2
2,4,4
3,4,1
3,3,2
3,5,3
3,2,4
4,4,4
4,5,1
4,3,3
4,2,2
5,2,1
5,4,4
5,3,3
5,5,2
6,2,4
6,3,1
6,4,3
6,5,2
7,3,1
7,2,4
7,4,3
7,5,2
8,3,1
8,4,4
8,5,3
8,2,2
9,3,1
9,4,4
9,2,3
9,5,2
10,5,4
10,3,1
10,2,3
10,4,2
11,3,4
11,4,1
11,2,3
11,5,2
12,2,4
12,4,1
12,5,3
12,3,2
13,2,1
13,4,4
13,3,3
13,5,2
14,3,1
14,4,4
14,2,3
14,5,2
15,5,4
15,4,1
15,3,3
15,2,2
16,4,4
16,2,1
16,5,2
16,3,3
17,2,4
17,3,1
17,5,3
17,4,2
18,4,1
18,2,4
18,5,3
18,3,2
19,3,1
19,5,4
19,4,3
19,2,2
20,2,1
20,3,4
20,5,3
20,4,2
21,5,4
21,4,1
21,2,2
21,3,3
22,4,1
22,5,4
22,2,3
22,3,2
23,2,1
23,4,4
23,3,3
23,5,2
24,2,1
24,5,4
24,4,3
24,3,2
25,4,1
25,3,4
25,5,3
25,2,2
26,3,4
26,4,1
26,5,2
26,2,3
27,3,1
27,4,4
27,2,3
27,5,2
28,5,4
28,2,1
28,3,3
28,4,2
29,4,4
29,2,1
29,5,3
29,3,2
30,2,1
30,4,4
30,3,3
30,5,2
