set,transformation,ranking
1,4,1
1,3,2
1,2,4
1,5,3
2,3,1
2,5,3
2,2,2
2,4,4
3,4,1
3,5,3
3,3,2
3,2,4
4,5,1
4,3,4
4,4,2
4,2,3
5,3,2
5,5,4
5,2,1
5,4,3
6,4,2
6,2,1
6,5,4
6,3,3
7,3,1
7,5,3
7,4,4
7,2,2
8,4,3
8,5,2
8,3,4
8,2,1
9,4,3
9,2,1
9,3,4
9,5,2
10,4,1
10,3,3
10,5,2
10,2,4
11,4,3
11,2,4
11,5,1
11,3,2
12,3,2
12,5,4
12,2,1
12,4,3
13,2,1
13,5,3
13,3,2
13,4,4
14,3,1
14,4,4
14,5,2
14,2,3
15,2,3
15,3,1
15,4,4
15,5,2
16,5,3
16,4,2
16,3,4
16,2,1
17,2,3
17,3,1
17,5,4
17,4,2
18,4,1
18,2,3
18,5,2
18,3,4
19,4,1
19,2,3
19,5,2
19,3,4
20,2,2
20,5,4
20,4,1
20,3,3
21,4,3
21,5,2
21,3,4
21,2,1
22,5,2
22,4,4
22,3,1
22,2,3
23,2,1
23,3,3
23,4,4
23,5,2
24,5,3
24,4,2
24,3,4
24,2,1
25,3,3
25,5,4
25,4,1
25,2,2
26,4,3
26,3,1
26,2,2
26,5,4
27,3,2
27,4,1
27,5,3
27,2,4
28,4,2
28,3,3
28,2,1
28,5,4
29,3,1
29,4,3
29,5,4
29,2,2
30,4,3
30,3,4
30,5,1
30,2,2
