set,transformation,ranking
1,5,3
1,4,4
1,2,1
1,3,2
2,4,3
2,2,1
2,5,2
2,3,4
3,2,1
3,4,3
3,3,4
3,5,2
4,5,2
4,3,4
4,4,3
4,2,1
5,5,2
5,2,1
5,4,3
5,3,4
6,4,4
6,3,3
6,2,1
6,5,2
7,4,2
7,5,1
7,2,3
7,3,4
8,5,4
8,2,1
8,4,2
8,3,3
9,4,4
9,3,3
9,2,1
9,5,2
10,2,1
10,4,2
10,3,4
10,5,3
11,2,1
11,3,2
11,5,3
11,4,4
12,5,4
12,4,2
12,3,3
12,2,1
13,5,2
13,3,3
13,4,4
13,2,1
14,5,4
14,4,3
14,2,1
14,3,2
15,5,4
15,2,1
15,4,2
15,3,3
16,4,4
16,3,3
16,2,1
16,5,2
17,4,4
17,3,3
17,2,1
17,5,2
18,2,1
18,4,4
18,5,3
18,3,2
19,3,4
19,5,3
19,2,1
19,4,2
20,5,4
20,2,1
20,3,2
20,4,3
21,2,1
21,3,2
21,5,3
21,4,4
22,2,1
22,5,3
22,3,2
22,4,4
23,5,4
23,3,3
23,2,1
23,4,2
24,3,4
24,4,2
24,5,3
24,2,1
25,3,4
25,5,3
25,2,1
25,4,2
26,2,1
26,4,3
26,3,2
26,5,4
27,3,4
27,5,3
27,2,1
27,4,2
28,3,4
28,4,2
28,5,3
28,2,1
29,5,4
29,3,3
29,2,1
29,4,2
30,2,1
30,3,3
30,5,2
30,4,4
