set,transformation,ranking
1,2,1
1,3,4
1,5,3
1,4,2
2,4,2
2,2,1
2,5,3
2,3,4
3,2,1
3,4,4
3,5,3
3,3,2
4,2,1
4,3,3
4,4,2
4,5,4
5,2,1
5,5,3
5,4,2
5,3,4
6,4,2
6,2,1
6,3,3
6,5,4
7,5,3
7,4,2
7,2,1
7,3,4
8,4,3
8,2,1
8,5,2
8,3,4
9,4,2
9,2,1
9,3,3
9,5,4
10,3,3
10,2,1
10,4,2
10,5,4
11,4,2
11,3,3
11,2,1
11,5,4
12,4,2
12,3,3
12,5,4
12,2,1
13,2,1
13,3,4
13,5,3
13,4,2
14,3,3
14,2,1
14,4,2
14,5,4
15,4,2
15,2,1
15,5,3
15,3,4
16,5,4
16,3,3
16,4,2
16,2,1
17,2,1
17,5,3
17,4,2
17,3,4
18,5,3
18,4,2
18,2,1
18,3,4
19,3,2
19,2,1
19,5,4
19,4,3
20,4,2
20,2,1
20,5,4
20,3,3
21,3,4
21,5,3
21,4,2
21,2,1
22,4,2
22,2,1
22,3,3
22,5,4
23,4,2
23,5,3
23,3,4
23,2,1
24,3,4
24,5,3
24,4,2
24,2,1
25,5,4
25,4,3
25,3,2
25,2,1
26,4,3
26,3,2
26,2,1
26,5,4
27,2,1
27,4,2
27,5,3
27,3,4
28,4,2
28,2,1
28,3,3
28,5,4
29,5,4
29,3,3
29,4,2
29,2,1
30,3,2
30,2,1
30,5,3
30,4,4
