set,transformation,ranking
1,4,4
1,5,1
1,3,3
1,2,2
2,2,1
2,5,3
2,3,4
2,4,2
3,4,4
3,5,3
3,2,1
3,3,2
4,5,4
4,3,3
4,2,1
4,4,2
5,2,1
5,5,4
5,3,3
5,4,2
6,5,3
6,2,1
6,3,2
6,4,4
7,3,3
7,2,1
7,4,4
7,5,2
8,5,4
8,2,1
8,3,3
8,4,2
9,2,1
9,5,4
9,4,3
9,3,2
10,3,4
10,5,3
10,2,1
10,4,2
11,5,4
11,2,2
11,4,3
11,3,1
12,4,3
12,2,1
12,3,2
12,5,4
13,4,3
13,5,4
13,2,1
13,3,2
14,3,4
14,4,2
14,2,1
14,5,3
15,2,1
15,4,2
15,3,3
15,5,4
16,3,4
16,4,2
16,2,1
16,5,3
17,4,2
17,3,4
17,2,1
17,5,3
18,4,2
18,3,4
18,5,3
18,2,1
19,3,3
19,4,2
19,2,1
19,5,4
20,4,3
20,3,1
20,2,2
20,5,4
21,3,3
21,4,2
21,5,4
21,2,1
22,5,2
22,2,1
22,4,3
22,3,4
23,5,3
23,4,2
23,2,1
23,3,4
24,3,3
24,2,2
24,5,4
24,4,1
25,2,2
25,5,3
25,3,4
25,4,1
26,5,3
26,4,1
26,3,2
26,2,4
27,2,2
27,4,1
27,5,3
27,3,4
28,3,4
28,2,2
28,4,1
28,5,3
29,2,3
29,4,1
29,3,2
29,5,4
30,4,2
30,5,4
30,2,1
30,3,3
