set,transformation,ranking
1,5,3
1,4,1
1,3,4
1,2,2
2,4,3
2,2,4
2,3,2
2,5,1
3,3,4
3,2,3
3,4,2
3,5,1
4,2,1
4,5,4
4,3,3
4,4,2
5,5,3
5,3,4
5,2,2
5,4,1
6,4,2
6,3,3
6,2,1
6,5,4
7,2,4
7,3,3
7,4,2
7,5,1
8,3,4
8,2,2
8,4,1
8,5,3
9,5,2
9,3,4
9,2,1
9,4,3
10,3,3
10,2,1
10,4,2
10,5,4
11,4,2
11,3,4
11,2,1
11,5,3
12,4,2
12,3,4
12,2,3
12,5,1
13,4,3
13,5,4
13,2,1
13,3,2
14,3,4
14,2,1
14,5,2
14,4,3
15,2,1
15,4,2
15,5,3
15,3,4
16,4,2
16,5,3
16,2,1
16,3,4
17,2,1
17,4,2
17,5,4
17,3,3
18,5,2
18,3,3
18,4,4
18,2,1
19,3,4
19,4,2
19,2,1
19,5,3
20,2,1
20,4,2
20,3,3
20,5,4
21,5,3
21,3,4
21,2,1
21,4,2
22,3,4
22,5,3
22,4,2
22,2,1
23,3,4
23,5,3
23,2,1
23,4,2
24,3,4
24,2,1
24,4,2
24,5,3
25,5,2
25,3,4
25,4,3
25,2,1
26,2,1
26,3,3
26,4,2
26,5,4
27,4,2
27,5,3
27,3,4
27,2,1
28,5,3
28,3,4
28,2,1
28,4,2
29,5,4
29,4,2
29,2,1
29,3,3
30,4,2
30,5,4
30,2,1
30,3,3
