set,transformation,ranking
1,3,1
1,4,3
1,2,2
1,5,4
2,2,2
2,3,1
2,5,4
2,4,3
3,4,2
3,3,4
3,2,1
3,5,3
4,2,4
4,3,2
4,4,1
4,5,3
5,3,2
5,5,3
5,4,1
5,2,4
6,3,4
6,4,2
6,2,1
6,5,3
7,2,1
7,4,2
7,3,4
7,5,3
8,3,2
8,2,1
8,5,3
8,4,4
9,3,4
9,4,2
9,2,1
9,5,3
10,5,4
10,4,2
10,3,3
10,2,1
11,4,2
11,3,4
11,2,1
11,5,3
12,4,2
12,5,4
12,2,1
12,3,3
13,4,2
13,5,4
13,3,3
13,2,1
14,2,1
14,3,4
14,4,2
14,5,3
15,3,4
15,4,2
15,2,1
15,5,3
16,2,1
16,5,3
16,4,2
16,3,4
17,5,4
17,3,3
17,2,1
17,4,2
18,3,4
18,5,3
18,4,2
18,2,1
19,4,3
19,5,4
19,3,2
19,2,1
20,3,3
20,5,4
20,4,2
20,2,1
21,5,2
21,3,3
21,2,1
21,4,4
22,2,1
22,3,3
22,5,4
22,4,2
23,5,4
23,2,1
23,4,2
23,3,3
24,5,4
24,2,1
24,3,3
24,4,2
25,3,4
25,4,2
25,5,3
25,2,1
26,5,4
26,2,1
26,4,2
26,3,3
27,2,1
27,5,3
27,3,4
27,4,2
28,3,4
28,2,1
28,4,3
28,5,2
29,2,1
29,4,3
29,5,2
29,3,4
30,2,1
30,5,4
30,3,3
30,4,2
