set,transformation,ranking
1,5,4
1,3,3
1,2,1
1,4,2
2,3,4
2,4,3
2,5,2
2,2,1
3,3,4
3,4,1
3,2,2
3,5,3
4,3,3
4,2,1
4,4,2
4,5,4
5,4,2
5,2,3
5,3,4
5,5,1
6,2,3
6,5,2
6,4,1
6,3,4
7,3,4
7,5,3
7,2,1
7,4,2
8,5,2
8,4,1
8,3,3
8,2,4
9,5,4
9,2,3
9,4,2
9,3,1
10,3,4
10,4,1
10,5,2
10,2,3
11,2,1
11,4,2
11,3,4
11,5,3
12,5,4
12,2,3
12,4,1
12,3,2
13,4,3
13,2,4
13,3,2
13,5,1
14,2,4
14,4,3
14,5,1
14,3,2
15,2,4
15,5,2
15,4,1
15,3,3
16,2,3
16,3,4
16,5,2
16,4,1
17,2,4
17,4,2
17,5,3
17,3,1
18,3,4
18,5,2
18,2,3
18,4,1
19,3,3
19,4,2
19,2,1
19,5,4
20,3,4
20,4,2
20,5,3
20,2,1
21,2,1
21,5,3
21,3,2
21,4,4
22,3,3
22,4,4
22,5,2
22,2,1
23,2,4
23,5,3
23,3,2
23,4,1
24,2,4
24,5,3
24,4,1
24,3,2
25,4,1
25,2,2
25,3,4
25,5,3
26,2,1
26,4,4
26,5,3
26,3,2
27,3,4
27,4,1
27,2,2
27,5,3
28,3,3
28,2,1
28,4,2
28,5,4
29,2,4
29,3,3
29,4,1
29,5,2
30,5,2
30,4,1
30,2,3
30,3,4
