set,transformation,ranking
1,5,1
1,4,3
1,3,4
1,2,2
2,3,3
2,5,1
2,2,4
2,4,2
3,5,1
3,2,2
3,3,3
3,4,4
4,2,4
4,3,3
4,4,2
4,5,1
5,4,2
5,2,3
5,5,4
5,3,1
6,5,3
6,2,2
6,4,1
6,3,4
7,4,4
7,2,1
7,3,3
7,5,2
8,2,4
8,3,3
8,4,1
8,5,2
9,5,1
9,2,2
9,3,3
9,4,4
10,4,2
10,5,3
10,3,4
10,2,1
11,5,1
11,3,2
11,4,3
11,2,4
12,2,1
12,3,2
12,5,3
12,4,4
13,3,4
13,4,3
13,2,2
13,5,1
14,3,4
14,2,3
14,4,2
14,5,1
15,5,1
15,2,2
15,4,3
15,3,4
16,5,1
16,2,2
16,3,3
16,4,4
17,3,1
17,4,2
17,5,3
17,2,4
18,3,4
18,2,3
18,4,2
18,5,1
19,3,4
19,4,3
19,2,2
19,5,1
20,5,1
20,4,2
20,2,3
20,3,4
21,3,1
21,4,2
21,5,3
21,2,4
22,3,1
22,2,2
22,5,3
22,4,4
23,5,1
23,3,2
23,4,3
23,2,4
24,4,4
24,3,3
24,5,2
24,2,1
25,5,4
25,2,3
25,3,2
25,4,1
26,2,2
26,4,3
26,3,1
26,5,4
27,4,2
27,2,4
27,3,1
27,5,3
28,3,4
28,4,3
28,5,1
28,2,2
29,4,1
29,3,2
29,5,3
29,2,4
30,2,4
30,3,2
30,5,3
30,4,1
