set,transformation,ranking
1,2,4
1,4,1
1,3,3
1,5,2
2,2,3
2,4,4
2,5,1
2,3,2
3,4,4
3,3,3
3,5,1
3,2,2
4,5,1
4,2,3
4,4,2
4,3,4
5,3,1
5,5,3
5,4,4
5,2,2
6,2,4
6,5,3
6,4,1
6,3,2
7,4,3
7,2,4
7,5,2
7,3,1
8,3,3
8,2,2
8,4,4
8,5,1
9,3,1
9,5,4
9,4,3
9,2,2
10,5,1
10,3,2
10,2,3
10,4,4
11,2,4
11,5,3
11,3,2
11,4,1
12,4,2
12,2,3
12,5,1
12,3,4
13,3,1
13,5,2
13,2,4
13,4,3
14,2,3
14,3,1
14,5,2
14,4,4
15,3,1
15,5,4
15,4,3
15,2,2
16,3,1
16,4,3
16,5,2
16,2,4
17,5,3
17,2,1
17,4,2
17,3,4
18,4,4
18,3,2
18,2,3
18,5,1
19,3,1
19,4,4
19,5,2
19,2,3
20,4,3
20,5,1
20,3,2
20,2,4
21,3,2
21,4,4
21,2,3
21,5,1
22,5,1
22,2,4
22,4,2
22,3,3
23,3,1
23,2,4
23,5,2
23,4,3
24,5,2
24,4,4
24,3,3
24,2,1
25,4,1
25,5,3
25,3,2
25,2,4
26,2,3
26,3,2
26,4,4
26,5,1
27,4,2
27,2,4
27,5,3
27,3,1
28,4,3
28,2,1
28,3,4
28,5,2
29,2,2
29,4,1
29,5,4
29,3,3
30,5,3
30,2,1
30,3,2
30,4,4
