set,transformation,ranking
1,4,1
1,2,2
1,5,3
1,3,4
2,4,4
2,2,3
2,5,2
2,3,1
3,2,1
3,5,2
3,4,3
3,3,4
4,3,4
4,4,3
4,2,2
4,5,1
5,3,1
5,5,2
5,2,3
5,4,4
6,2,4
6,4,3
6,3,2
6,5,1
7,4,1
7,5,2
7,3,3
7,2,4
8,4,4
8,5,3
8,3,2
8,2,1
9,2,1
9,5,2
9,3,3
9,4,4
10,3,4
10,2,3
10,5,2
10,4,1
11,2,1
11,4,2
11,5,3
11,3,4
12,4,4
12,2,3
12,5,2
12,3,1
13,4,1
13,5,2
13,3,3
13,2,4
14,5,4
14,4,3
14,2,2
14,3,1
15,4,1
15,3,2
15,2,3
15,5,4
16,3,4
16,2,3
16,5,2
16,4,1
17,3,1
17,5,2
17,2,3
17,4,4
18,2,4
18,5,3
18,3,2
18,4,1
19,4,1
19,5,2
19,3,3
19,2,4
20,2,4
20,3,3
20,5,2
20,4,1
21,5,1
21,3,2
21,2,3
21,4,4
22,5,4
22,4,3
22,2,2
22,3,1
23,4,1
23,3,2
23,2,3
23,5,4
24,2,4
24,5,3
24,3,2
24,4,1
25,5,1
25,4,2
25,3,3
25,2,4
26,4,4
26,2,3
26,3,2
26,5,1
27,3,1
27,2,2
27,5,3
27,4,4
28,5,4
28,3,3
28,2,2
28,4,1
29,2,1
29,5,2
29,4,3
29,3,4
30,2,4
30,4,3
30,5,2
30,3,1
