set,transformation,ranking
1,5,4
1,4,2
1,2,1
1,3,3
2,5,4
2,3,3
2,2,1
2,4,2
3,2,1
3,5,3
3,3,2
3,4,4
4,3,3
4,2,2
4,4,1
4,5,4
5,3,3
5,2,1
5,4,2
5,5,4
6,2,1
6,3,4
6,5,3
6,4,2
7,3,4
7,5,3
7,2,1
7,4,2
8,2,3
8,5,1
8,4,2
8,3,4
9,5,3
9,4,1
9,2,2
9,3,4
10,2,1
10,4,2
10,3,3
10,5,4
11,5,4
11,2,2
11,4,1
11,3,3
12,2,2
12,5,4
12,4,1
12,3,3
13,3,3
13,2,1
13,5,4
13,4,2
14,2,1
14,3,3
14,4,2
14,5,4
15,2,2
15,3,3
15,5,4
15,4,1
16,2,1
16,5,4
16,4,2
16,3,3
17,5,4
17,4,1
17,2,2
17,3,3
18,5,3
18,2,2
18,4,1
18,3,4
19,2,4
19,5,1
19,4,2
19,3,3
20,5,4
20,3,3
20,4,2
20,2,1
21,4,1
21,2,2
21,5,3
21,3,4
22,3,4
22,4,2
22,5,3
22,2,1
23,4,2
23,2,1
23,3,3
23,5,4
24,2,2
24,5,4
24,3,3
24,4,1
25,2,2
25,5,3
25,4,1
25,3,4
26,3,3
26,4,1
26,5,4
26,2,2
27,2,2
27,5,3
27,3,4
27,4,1
28,4,1
28,3,4
28,5,3
28,2,2
29,2,2
29,3,3
29,5,4
29,4,1
30,2,2
30,3,4
30,5,3
30,4,1
