set,transformation,ranking
1,3,1
1,4,3
1,2,2
1,5,4
2,3,1
2,5,3
2,4,2
2,2,4
3,4,2
3,5,1
3,3,4
3,2,3
4,5,2
4,2,4
4,4,1
4,3,3
5,5,1
5,2,2
5,3,3
5,4,4
6,2,2
6,5,1
6,3,3
6,4,4
7,5,2
7,2,3
7,3,1
7,4,4
8,2,2
8,4,1
8,3,3
8,5,4
9,2,2
9,5,1
9,3,4
9,4,3
10,5,1
10,2,2
10,3,4
10,4,3
11,2,2
11,3,4
11,5,3
11,4,1
12,2,4
12,3,2
12,4,1
12,5,3
13,3,3
13,2,1
13,4,2
13,5,4
14,4,3
14,2,1
14,3,2
14,5,4
15,5,3
15,4,2
15,2,1
15,3,4
16,5,4
16,4,1
16,3,3
16,2,2
17,3,3
17,5,2
17,2,1
17,4,4
18,5,3
18,2,1
18,4,2
18,3,4
19,3,1
19,4,4
19,2,3
19,5,2
20,3,4
20,5,2
20,4,1
20,2,3
21,5,4
21,3,2
21,2,1
21,4,3
22,5,2
22,2,1
22,3,4
22,4,3
23,4,2
23,2,4
23,5,3
23,3,1
24,2,3
24,5,1
24,4,2
24,3,4
25,4,1
25,3,3
25,2,2
25,5,4
26,5,4
26,4,3
26,2,1
26,3,2
27,5,2
27,4,3
27,2,1
27,3,4
28,4,3
28,3,1
28,2,2
28,5,4
29,3,4
29,2,1
29,4,3
29,5,2
30,5,2
30,3,4
30,4,3
30,2,1
