set,transformation,ranking
1,2,1
1,3,2
1,4,3
1,5,4
2,4,4
2,3,2
2,5,3
2,2,1
3,2,1
3,4,3
3,3,2
3,5,4
4,5,3
4,2,1
4,4,4
4,3,2
5,2,1
5,5,2
5,3,4
5,4,3
6,3,2
6,4,3
6,5,4
6,2,1
7,3,2
7,2,1
7,4,3
7,5,4
8,3,3
8,4,2
8,2,1
8,5,4
9,2,1
9,4,3
9,5,2
9,3,4
10,5,3
10,2,1
10,3,2
10,4,4
11,2,1
11,4,2
11,3,3
11,5,4
12,2,1
12,4,4
12,5,3
12,3,2
13,3,4
13,4,2
13,5,3
13,2,1
14,4,3
14,3,4
14,5,2
14,2,1
15,5,4
15,2,1
15,4,2
15,3,3
16,5,4
16,3,2
16,4,3
16,2,1
17,2,1
17,4,4
17,5,3
17,3,2
18,4,3
18,2,1
18,3,2
18,5,4
19,3,4
19,2,1
19,5,2
19,4,3
20,2,1
20,3,3
20,4,4
20,5,2
21,5,3
21,2,1
21,4,2
21,3,4
22,4,3
22,5,4
22,3,2
22,2,1
23,4,2
23,3,3
23,5,4
23,2,1
24,2,1
24,4,4
24,3,3
24,5,2
25,2,1
25,4,3
25,3,4
25,5,2
26,4,3
26,5,2
26,2,1
26,3,4
27,5,3
27,2,1
27,4,2
27,3,4
28,2,1
28,3,4
28,5,3
28,4,2
29,5,3
29,3,2
29,4,4
29,2,1
30,5,3
30,3,2
30,2,1
30,4,4
