set,transformation,ranking
1,4,1
1,2,2
1,5,3
1,3,4
2,3,4
2,5,3
2,2,2
2,4,1
3,5,4
3,4,3
3,3,2
3,2,1
4,3,4
4,5,3
4,2,2
4,4,1
5,5,4
5,3,3
5,4,2
5,2,1
6,3,4
6,2,1
6,5,3
6,4,2
7,5,4
7,2,1
7,4,2
7,3,3
8,3,4
8,5,3
8,4,2
8,2,1
9,2,4
9,3,3
9,4,1
9,5,2
10,3,4
10,4,2
10,5,3
10,2,1
11,2,1
11,3,4
11,5,3
11,4,2
12,3,4
12,2,2
12,4,1
12,5,3
13,3,4
13,2,2
13,5,3
13,4,1
14,5,4
14,4,1
14,2,3
14,3,2
15,4,2
15,5,4
15,3,3
15,2,1
16,3,4
16,4,2
16,2,1
16,5,3
17,3,4
17,4,2
17,2,1
17,5,3
18,5,4
18,4,2
18,3,3
18,2,1
19,3,4
19,2,2
19,4,1
19,5,3
20,4,2
20,2,1
20,3,4
20,5,3
21,4,2
21,5,4
21,3,3
21,2,1
22,3,4
22,4,2
22,2,1
22,5,3
23,2,2
23,3,4
23,5,3
23,4,1
24,4,2
24,3,4
24,5,3
24,2,1
25,4,2
25,2,1
25,5,4
25,3,3
26,4,2
26,2,1
26,5,4
26,3,3
27,2,1
27,3,4
27,4,2
27,5,3
28,3,4
28,5,3
28,2,1
28,4,2
29,4,1
29,2,2
29,5,3
29,3,4
30,5,4
30,2,1
30,3,3
30,4,2
