set,transformation,ranking
1,2,4
1,4,1
1,3,3
1,5,2
2,4,1
2,5,2
2,3,4
2,2,3
3,5,3
3,4,1
3,2,2
3,3,4
4,4,1
4,2,4
4,3,3
4,5,2
5,5,1
5,4,3
5,3,2
5,2,4
6,3,2
6,5,3
6,4,1
6,2,4
7,5,3
7,4,1
7,2,2
7,3,4
8,3,2
8,4,1
8,2,3
8,5,4
9,3,4
9,4,1
9,2,3
9,5,2
10,4,1
10,2,3
10,3,4
10,5,2
11,5,4
11,3,2
11,2,3
11,4,1
12,3,2
12,5,3
12,4,1
12,2,4
13,3,2
13,2,3
13,5,4
13,4,1
14,3,2
14,2,4
14,4,1
14,5,3
15,5,3
15,2,4
15,3,2
15,4,1
16,5,4
16,4,1
16,2,3
16,3,2
17,5,4
17,3,2
17,2,3
17,4,1
18,3,2
18,5,3
18,4,1
18,2,4
19,2,3
19,5,4
19,3,2
19,4,1
20,5,4
20,3,2
20,4,1
20,2,3
21,2,4
21,5,3
21,3,2
21,4,1
22,4,1
22,3,2
22,5,4
22,2,3
23,4,1
23,5,3
23,2,4
23,3,2
24,2,4
24,3,2
24,5,3
24,4,1
25,3,4
25,4,1
25,2,3
25,5,2
26,4,1
26,2,2
26,5,4
26,3,3
27,2,3
27,3,4
27,4,1
27,5,2
28,5,2
28,4,1
28,3,3
28,2,4
29,2,4
29,4,1
29,5,2
29,3,3
30,5,4
30,3,2
30,4,1
30,2,3
