set,transformation,ranking
1,3,4
1,2,1
1,5,2
1,4,3
2,5,2
2,4,4
2,2,3
2,3,1
3,3,4
3,5,2
3,2,1
3,4,3
4,3,4
4,5,2
4,2,3
4,4,1
5,5,3
5,2,1
5,3,4
5,4,2
6,4,4
6,3,3
6,2,2
6,5,1
7,2,1
7,5,2
7,3,4
7,4,3
8,2,1
8,3,3
8,5,4
8,4,2
9,4,2
9,5,3
9,3,4
9,2,1
10,5,2
10,3,4
10,2,1
10,4,3
11,2,4
11,5,2
11,3,1
11,4,3
12,5,3
12,2,1
12,4,2
12,3,4
13,4,2
13,5,3
13,2,1
13,3,4
14,3,4
14,5,3
14,4,2
14,2,1
15,3,4
15,2,1
15,5,3
15,4,2
16,5,3
16,3,4
16,4,2
16,2,1
17,3,3
17,5,4
17,4,2
17,2,1
18,4,2
18,3,4
18,5,3
18,2,1
19,4,2
19,2,1
19,5,3
19,3,4
20,2,1
20,5,3
20,4,2
20,3,4
21,2,1
21,5,3
21,4,2
21,3,4
22,4,2
22,5,3
22,3,4
22,2,1
23,2,1
23,3,4
23,4,2
23,5,3
24,2,1
24,3,4
24,5,3
24,4,2
25,3,3
25,2,1
25,5,4
25,4,2
26,2,1
26,5,3
26,3,4
26,4,2
27,5,2
27,4,4
27,3,3
27,2,1
28,5,4
28,3,3
28,2,1
28,4,2
29,2,1
29,3,4
29,5,3
29,4,2
30,4,2
30,3,4
30,2,1
30,5,3
