set,transformation,ranking
1,4,4
1,3,3
1,5,2
1,2,1
2,4,4
2,5,1
2,2,3
2,3,2
3,2,4
3,3,2
3,5,3
3,4,1
4,3,2
4,4,1
4,5,3
4,2,4
5,2,2
5,3,3
5,5,4
5,4,1
6,4,1
6,2,2
6,3,3
6,5,4
7,3,4
7,4,1
7,5,3
7,2,2
8,2,2
8,5,3
8,4,1
8,3,4
9,4,1
9,2,2
9,5,4
9,3,3
10,2,2
10,4,1
10,5,3
10,3,4
11,4,1
11,2,2
11,3,4
11,5,3
12,5,4
12,2,2
12,3,3
12,4,1
13,5,4
13,3,3
13,4,1
13,2,2
14,2,2
14,5,3
14,3,4
14,4,1
15,2,2
15,5,3
15,4,1
15,3,4
16,4,1
16,2,2
16,3,3
16,5,4
17,4,1
17,2,2
17,5,4
17,3,3
18,2,2
18,3,3
18,5,4
18,4,1
19,3,4
19,5,3
19,4,1
19,2,2
20,5,3
20,4,1
20,2,2
20,3,4
21,2,2
21,5,4
21,4,1
21,3,3
22,4,1
22,2,2
22,3,3
22,5,4
23,3,3
23,5,4
23,4,1
23,2,2
24,3,3
24,2,1
24,4,2
24,5,4
25,4,1
25,3,3
25,2,2
25,5,4
26,4,1
26,5,3
26,3,4
26,2,2
27,3,3
27,5,4
27,2,2
27,4,1
28,2,2
28,4,1
28,5,3
28,3,4
29,4,1
29,2,2
29,5,4
29,3,3
30,2,2
30,4,1
30,3,4
30,5,3
