set,transformation,ranking
1,2,1
1,4,4
1,3,3
1,5,2
2,3,3
2,2,1
2,5,2
2,4,4
3,2,1
3,5,3
3,4,2
3,3,4
4,4,4
4,5,3
4,2,1
4,3,2
5,2,1
5,4,3
5,5,2
5,3,4
6,4,3
6,2,1
6,3,2
6,5,4
7,3,3
7,5,2
7,2,1
7,4,4
8,3,3
8,4,2
8,5,4
8,2,1
9,4,3
9,3,4
9,2,1
9,5,2
10,2,1
10,5,3
10,3,4
10,4,2
11,5,3
11,2,1
11,3,4
11,4,2
12,2,1
12,5,3
12,3,4
12,4,2
13,2,1
13,5,3
13,4,2
13,3,4
14,2,2
14,5,1
14,3,3
14,4,4
15,5,3
15,2,2
15,3,1
15,4,4
16,5,2
16,3,3
16,2,1
16,4,4
17,4,3
17,3,2
17,5,4
17,2,1
18,3,3
18,2,2
18,5,1
18,4,4
19,4,4
19,2,1
19,3,3
19,5,2
20,4,2
20,5,3
20,3,4
20,2,1
21,5,4
21,2,1
21,3,2
21,4,3
22,5,1
22,3,2
22,2,3
22,4,4
23,4,3
23,3,2
23,5,1
23,2,4
24,3,4
24,2,3
24,5,1
24,4,2
25,2,3
25,5,2
25,4,1
25,3,4
26,5,1
26,2,2
26,4,4
26,3,3
27,2,1
27,5,2
27,3,3
27,4,4
28,5,3
28,3,2
28,4,4
28,2,1
29,2,3
29,4,2
29,5,1
29,3,4
30,2,1
30,4,4
30,3,2
30,5,3
