set,transformation,ranking
1,3,1
1,5,3
1,2,4
1,4,2
2,2,1
2,5,3
2,4,2
2,3,4
3,3,2
3,5,3
3,2,1
3,4,4
4,5,1
4,3,3
4,4,4
4,2,2
5,5,1
5,4,3
5,2,2
5,3,4
6,5,2
6,4,4
6,2,3
6,3,1
7,3,1
7,5,3
7,2,2
7,4,4
8,5,4
8,2,2
8,3,3
8,4,1
9,2,3
9,3,2
9,4,1
9,5,4
10,2,3
10,4,2
10,5,4
10,3,1
11,2,1
11,3,3
11,5,2
11,4,4
12,2,4
12,5,1
12,4,3
12,3,2
13,5,1
13,4,3
13,2,2
13,3,4
14,5,1
14,4,4
14,2,2
14,3,3
15,3,1
15,4,2
15,5,3
15,2,4
16,5,4
16,3,2
16,4,1
16,2,3
17,5,4
17,4,1
17,3,3
17,2,2
18,3,3
18,5,2
18,4,1
18,2,4
19,2,4
19,4,1
19,3,3
19,5,2
20,4,1
20,5,4
20,3,2
20,2,3
21,3,3
21,4,1
21,5,4
21,2,2
22,2,4
22,4,3
22,5,2
22,3,1
23,2,4
23,5,2
23,3,3
23,4,1
24,2,3
24,5,2
24,4,1
24,3,4
25,2,3
25,3,2
25,4,1
25,5,4
26,4,1
26,2,3
26,3,4
26,5,2
27,4,1
27,5,4
27,3,3
27,2,2
28,4,1
28,2,3
28,5,4
28,3,2
29,3,2
29,5,4
29,2,3
29,4,1
30,5,3
30,2,4
30,3,2
30,4,1
