set,transformation,ranking
1,2,1
1,3,3
1,4,2
1,5,4
2,4,2
2,5,1
2,2,3
2,3,4
3,5,2
3,2,1
3,3,4
3,4,3
4,3,4
4,5,3
4,2,1
4,4,2
5,2,1
5,3,4
5,5,2
5,4,3
6,2,1
6,5,3
6,3,4
6,4,2
7,2,1
7,4,2
7,5,4
7,3,3
8,2,1
8,5,4
8,4,2
8,3,3
9,2,1
9,3,4
9,5,2
9,4,3
10,4,2
10,2,1
10,3,3
10,5,4
11,2,1
11,4,2
11,5,3
11,3,4
12,4,2
12,3,3
12,2,1
12,5,4
13,5,3
13,3,4
13,2,1
13,4,2
14,2,1
14,3,4
14,5,2
14,4,3
15,5,3
15,3,2
15,2,1
15,4,4
16,5,4
16,4,3
16,2,1
16,3,2
17,5,2
17,2,1
17,3,3
17,4,4
18,2,1
18,5,4
18,3,3
18,4,2
19,4,4
19,2,1
19,5,3
19,3,2
20,5,3
20,3,2
20,2,1
20,4,4
21,5,4
21,2,1
21,4,3
21,3,2
22,5,4
22,2,1
22,4,3
22,3,2
23,5,3
23,3,4
23,4,2
23,2,1
24,5,4
24,3,3
24,2,1
24,4,2
25,4,4
25,3,2
25,5,3
25,2,1
26,3,4
26,5,3
26,4,2
26,2,1
27,3,4
27,2,1
27,5,3
27,4,2
28,3,3
28,5,2
28,2,1
28,4,4
29,5,4
29,2,1
29,4,2
29,3,3
30,3,4
30,5,2
30,4,3
30,2,1
