set,transformation,ranking
1,5,3
1,3,2
1,2,4
1,4,1
2,5,2
2,4,1
2,2,3
2,3,4
3,4,1
3,2,4
3,5,2
3,3,3
4,3,4
4,5,2
4,2,3
4,4,1
5,4,2
5,3,3
5,2,4
5,5,1
6,2,4
6,3,3
6,4,1
6,5,2
7,2,3
7,5,2
7,4,1
7,3,4
8,2,4
8,4,1
8,3,3
8,5,2
9,3,4
9,5,2
9,2,3
9,4,1
10,5,2
10,4,1
10,3,3
10,2,4
11,2,4
11,3,3
11,4,1
11,5,2
12,5,2
12,2,3
12,3,4
12,4,1
13,2,3
13,4,1
13,5,2
13,3,4
14,5,2
14,2,4
14,4,1
14,3,3
15,2,4
15,5,2
15,3,3
15,4,1
16,3,3
16,2,4
16,4,1
16,5,2
17,5,1
17,3,3
17,2,4
17,4,2
18,3,3
18,5,2
18,4,1
18,2,4
19,2,4
19,3,3
19,5,2
19,4,1
20,3,3
20,5,2
20,4,1
20,2,4
21,4,1
21,2,2
21,5,4
21,3,3
22,3,2
22,5,3
22,4,1
22,2,4
23,4,1
23,2,4
23,3,3
23,5,2
24,3,2
24,5,3
24,4,1
24,2,4
25,4,1
25,2,4
25,3,3
25,5,2
26,4,1
26,2,4
26,5,2
26,3,3
27,5,2
27,3,3
27,4,1
27,2,4
28,5,2
28,4,1
28,3,3
28,2,4
29,4,1
29,5,2
29,3,3
29,2,4
30,4,1
30,5,2
30,3,3
30,2,4
