[0.9837842519761854,
 0.9699543779913954,
 0.7449913695285298,
 0.9927379224184236,
 0.9526824924452965,
 0.9445411263440047,
 0.8459286717945832,
 1.0,
 0.9152800491248001,
 0.31778306033953735,
 0.9858508598057647,
 0.9459278093276622,
 0.9782273628995849,
 0.9912740792596711,
 1.0,
 0.9927027336436227,
 0.9996448208341535,
 0.9321996019942501,
 0.9412590850761088,
 0.980289889624619,
 0.9792422322729758,
 0.8936023846654257,
 0.9323603526535146,
 0.9810478937576242,
 0.989842627283435,
 0.9689360619149787,
 0.9795428324412743,
 0.9538501134496351,
 0.8264367009402604,
 0.9871887162503415,
 0.7123337036254104,
 0.9857565088765607,
 0.822974098959757,
 0.9857891762265117,
 0.9328759711805914,
 0.9715066306809337,
 1.0,
 0.9726052115704814,
 0.9969329608376835,
 0.7840988792146429,
 0.9841169117482073,
 0.8908025225305224,
 0.8872463890358722,
 0.7688797265212947,
 0.9432520184301803,
 0.6005583118819263,
 0.9616783620220103,
 0.9939717839415532,
 0.8566904585732711,
 0.905104258308677]